          edvid observations.count
1      05451102                5.0
2      06451102                5.0
3      07151102                8.0
4      07551103                7.0
5      07551105                3.0
6      4665111A                2.0
7      4665112B                2.0
8      4665113B                2.0
9      4665114B                4.0
10     4675112A                2.0
11     4675113A                3.0
12     4675113B                3.0
13     47451104                5.0
14     55751102                3.0
15     87021515                2.0
16     87021517                2.0
17     87021522                2.0
18     J6351121                2.0
19     J6351141                3.0
20     S1051103                3.0
21     S1751101                3.0
22     S1851101                4.0
23     S1951101                3.0
24     S2051102                3.0
25     S2151101                2.0
26     S2251101                5.0
27     S2451102                4.0
28     S2651104                8.0
total  28                    100.0
mean   NA                      3.6
median NA                      3.0
