          edvid observations.count
1      00521004                4.0
2      04221005                5.0
3      08021003                2.0
4      58321003                8.0
5      8942102A                4.0
6      8942102B                2.0
7      89521002                5.0
8      89621002                4.0
9      89721006                2.0
10     90421001                2.0
11     99321000                4.0
12     A1321300                2.0
13     A8121011                2.0
14     H1021001                2.0
15     J5121001                4.0
16     J5121005                5.0
17     J5121007                4.0
18     Z72NAT01                2.0
total  18                     63.0
mean   NA                      3.5
median NA                      4.0
