$bart.beech.clean.1.0
     statistic   alt h100  gha SI.h100 hnn.neu Reineke.slope h100.EKL.I SI.h100.diff.EKL.I sample.plot.mean.age
1          min  26.0 12.2 10.8    20.8    40.0        -2.027        7.0              -11.6                 36.0
2       median  59.5 25.3 33.3    33.2   380.0        -0.757       23.1                0.8                 49.7
3         mean  80.0 25.3 32.7    32.9   330.6        -0.568       25.3                0.5                 80.0
4          max 177.0 39.4 51.3    45.0   565.0        12.106       41.1               12.6                166.5
5         span 151.0 27.2 40.5    24.3   525.0        14.133       34.1               24.3                130.5
6 mean.uniques  93.6 25.5 32.5    32.9   323.6        -0.583       28.4                0.5                 97.7

$bart.beech.clean.1.8
     statistic   alt h100  gha SI.h100 hnn.neu Reineke.slope h100.EKL.I SI.h100.diff.EKL.I sample.plot.mean.age
1          min  35.0 16.3 12.6    25.7    40.0        -2.027       13.0               -6.7                 39.5
2       median  60.0 25.9 36.5    33.2   347.0        -1.290       23.2                0.8                 61.5
3         mean  76.3 26.4 37.3    33.5   313.2        -1.327       25.6                1.1                 76.3
4          max 153.6 39.2 51.3    41.0   565.0        -0.903       39.0                8.6                148.5
5         span 118.6 22.9 38.7    15.3   525.0         1.124       26.0               15.3                109.0
6 mean.uniques  82.7 26.7 37.4    33.5   310.8        -1.327       26.9                1.1                 77.6

